  -1.00000000000000      -8.623252177697147E-002
 -0.980000000000000      -9.373777121938195E-002
 -0.960000000000000      -0.100869826705010     
 -0.940000000000000      -0.107750565154640     
 -0.920000000000000      -0.114469101701966     
 -0.900000000000000      -0.121093357065875     
 -0.880000000000000      -0.127677023621829     
 -0.860000000000000      -0.134263965925875     
 -0.840000000000000      -0.140891114703371     
 -0.820000000000000      -0.147590437256726     
 -0.800000000000000      -0.154390321133344     
 -0.780000000000000      -0.161316573406732     
 -0.760000000000000      -0.168393161671014     
 -0.740000000000000      -0.175642777730323     
 -0.720000000000000      -0.183087277333178     
 -0.700000000000000      -0.190748032201587     
 -0.680000000000000      -0.198646219234281     
 -0.660000000000000      -0.206803064754658     
 -0.640000000000000      -0.215240056453465     
 -0.620000000000000      -0.223979132558616     
 -0.600000000000000      -0.233042855418185     
 -0.580000000000000      -0.242454574827078     
 -0.560000000000000      -0.252238585816425     
 -0.540000000000000      -0.262420284266812     
 -0.520000000000000      -0.273026323484571     
 -0.500000000000000      -0.284084774498318     
 -0.480000000000000      -0.295625292447733     
 -0.460000000000000      -0.307679291424784     
 -0.440000000000000      -0.320280130072484     
 -0.420000000000000      -0.333463310158615     
 -0.400000000000000      -0.347266690632890     
 -0.380000000000000      -0.361730719551716     
 -0.360000000000000      -0.376898686661854     
 -0.340000000000000      -0.392816999651860     
 -0.320000000000000      -0.409535487318145     
 -0.300000000000000      -0.427107733323578     
 -0.280000000000000      -0.445591444709338     
 -0.260000000000000      -0.465048859785469     
 -0.240000000000000      -0.485547200864904     
 -0.220000000000000      -0.507159177621959     
 -0.200000000000000      -0.529963548284880     
 -0.180000000000000      -0.554045746502995     
 -0.160000000000000      -0.579498583152607     
 -0.140000000000000      -0.606423033518367     
 -0.120000000000000      -0.634929122490521     
 -0.100000000000000      -0.665136921703063     
 -7.999999999999996E-002 -0.697177675660508     
 -5.999999999999994E-002 -0.731195076050397     
 -4.000000000000004E-002 -0.767346707377188     
 -2.000000000000002E-002 -0.805805690646407     
  0.000000000000000E+000 -0.846762556831020     
  2.000000000000002E-002 -0.890427387838678     
  4.000000000000004E-002 -0.937032269407822     
  6.000000000000005E-002 -0.986834109054632     
  8.000000000000007E-002  -1.04011788268483     
  0.100000000000000       -1.09720038605138     
  0.120000000000000       -1.15843458266302     
  0.140000000000000       -1.22421465938044     
  0.160000000000000       -1.29498192429847     
  0.180000000000000       -1.37123171132299     
  0.200000000000000       -1.45352149278162     
  0.220000000000000       -1.54248044771616     
  0.240000000000000       -1.63882079278049     
  0.260000000000000       -1.74335125626922     
  0.280000000000000       -1.85699317219165     
  0.300000000000000       -1.98079979346265     
  0.320000000000000       -2.11597958162243     
  0.340000000000000       -2.26392443846679     
  0.360000000000000       -2.42624411565416     
  0.380000000000000       -2.60480839871641     
  0.400000000000000       -2.80179914154632     
  0.420000000000000       -3.01977487293357     
  0.440000000000000       -3.26175157466419     
  0.460000000000000       -3.53130443293686     
  0.480000000000000       -3.83269703459420     
  0.500000000000000       -4.17104681637923     
  0.520000000000000       -4.55253889451308     
  0.540000000000000       -4.98470517091906     
  0.560000000000000       -5.47679256106019     
  0.580000000000000       -6.04025447251689     
  0.600000000000000       -6.68941512768575     
  0.620000000000000       -7.44237999648108     
  0.640000000000000       -8.32230255629116     
  0.660000000000000       -9.35917651198026     
  0.680000000000000       -10.5924187812522     
  0.700000000000000       -12.0746696776248     
  0.720000000000000       -13.8775146259875     
  0.740000000000000       -16.1003269331736     
  0.760000000000000       -18.8843466088557     
  0.780000000000000       -22.4358753783061     
  0.800000000000000       -27.0660404174471     
  0.820000000000000       -33.2622297839623     
  0.840000000000000       -41.8238199239665     
  0.860000000000000       -54.1382927719238     
  0.880000000000000       -72.7930166163790     
  0.900000000000000       -103.088539951867     
  0.920000000000000       -157.380564421296     
  0.940000000000000       -270.498864101647     
  0.960000000000000       -576.774372173685     
  0.980000000000000       -2074.78536290852     
   1.00000000000000       0.000000000000000E+000
