  -1.00000000000000      -0.237216156320956     
 -0.980000000000000      -0.248234815395765     
 -0.960000000000000      -0.259023757725023     
 -0.940000000000000      -0.269711505111613     
 -0.920000000000000      -0.280394186318936     
 -0.900000000000000      -0.291147128699984     
 -0.880000000000000      -0.302031850386134     
 -0.860000000000000      -0.313100488952035     
 -0.840000000000000      -0.324398725697727     
 -0.820000000000000      -0.335967788828348     
 -0.800000000000000      -0.347845872443475     
 -0.780000000000000      -0.360069174028302     
 -0.760000000000000      -0.372672676780408     
 -0.740000000000000      -0.385690758017289     
 -0.720000000000000      -0.399157677412790     
 -0.700000000000000      -0.413107981564597     
 -0.680000000000000      -0.427576850311724     
 -0.660000000000000      -0.442600402947760     
 -0.640000000000000      -0.458215977618683     
 -0.620000000000000      -0.474462393905842     
 -0.600000000000000      -0.491380206348004     
 -0.580000000000000      -0.509011955116477     
 -0.560000000000000      -0.527402419007707     
 -0.540000000000000      -0.546598875216779     
 -0.520000000000000      -0.566651369908520     
 -0.500000000000000      -0.587613003347966     
 -0.480000000000000      -0.609540233246679     
 -0.460000000000000      -0.632493199998654     
 -0.440000000000000      -0.656536077601703     
 -0.420000000000000      -0.681737454277541     
 -0.400000000000000      -0.708170747111672     
 -0.380000000000000      -0.735914655432909     
 -0.360000000000000      -0.765053658145644     
 -0.340000000000000      -0.795678560823363     
 -0.320000000000000      -0.827887099080089     
 -0.300000000000000      -0.861784605571775     
 -0.280000000000000      -0.897484748960474     
 -0.260000000000000      -0.935110354322739     
 -0.240000000000000      -0.974794315828052     
 -0.220000000000000       -1.01668061408659     
 -0.200000000000000       -1.06092545240904     
 -0.180000000000000       -1.10769852838432     
 -0.160000000000000       -1.15718445972297     
 -0.140000000000000       -1.20958438630916     
 -0.120000000000000       -1.26511777393913     
 -0.100000000000000       -1.32402444940919     
 -7.999999999999996E-002  -1.38656690158262     
 -5.999999999999994E-002  -1.45303288897640     
 -4.000000000000004E-002  -1.52373840146526     
 -2.000000000000002E-002  -1.59903103215087     
  0.000000000000000E+000  -1.67929382559643     
  2.000000000000002E-002  -1.76494968086526     
  4.000000000000004E-002  -1.85646640260752     
  6.000000000000005E-002  -1.95436251141591     
  8.000000000000007E-002  -2.05921394658282     
  0.100000000000000       -2.17166182120523     
  0.120000000000000       -2.29242142253352     
  0.140000000000000       -2.42229269112666     
  0.160000000000000       -2.56217246279341     
  0.180000000000000       -2.71306882010150     
  0.200000000000000       -2.87611797885507     
  0.220000000000000       -3.05260423386779     
  0.240000000000000       -3.24398361351872     
  0.260000000000000       -3.45191205182876     
  0.280000000000000       -3.67827909063716     
  0.300000000000000       -3.92524838701845     
  0.320000000000000       -4.19530664151785     
  0.340000000000000       -4.49132300728238     
  0.360000000000000       -4.81662162481783     
  0.380000000000000       -5.17507070210333     
  0.400000000000000       -5.57119259561276     
  0.420000000000000       -6.01030074434756     
  0.440000000000000       -6.49867120947320     
  0.460000000000000       -7.04375918410684     
  0.480000000000000       -7.65447446564545     
  0.500000000000000       -8.34153497904041     
  0.520000000000000       -9.11792468489355     
  0.540000000000000       -9.99949264258479     
  0.560000000000000       -11.0057452431940     
  0.580000000000000       -12.1609062348419     
  0.600000000000000       -13.4953532461586     
  0.620000000000000       -15.0475918234667     
  0.640000000000000       -16.8670098652396     
  0.660000000000000       -19.0177862423802     
  0.680000000000000       -21.5845417145103     
  0.700000000000000       -24.6806804637237     
  0.720000000000000       -28.4609939282964     
  0.740000000000000       -33.1412133455577     
  0.760000000000000       -39.0292661810612     
  0.780000000000000       -46.5769969991334     
  0.800000000000000       -56.4692561253857     
  0.820000000000000       -69.7847836428971     
  0.840000000000000       -88.3036608289527     
  0.860000000000000       -115.136846272169     
  0.880000000000000       -156.131394206966     
  0.900000000000000       -223.376654376385     
  0.920000000000000       -345.370282731484     
  0.940000000000000       -603.603490778696     
  0.960000000000000       -1318.76117440234     
  0.980000000000000       -4960.66357367788     
   1.00000000000000       0.000000000000000E+000
