  -1.00000000000000      -0.313578658609366     
 -0.980000000000000      -0.359449469318057     
 -0.960000000000000      -0.372877684943028     
 -0.940000000000000      -0.386313474341551     
 -0.920000000000000      -0.399858091796311     
 -0.900000000000000      -0.413592279930371     
 -0.880000000000000      -0.427583281306683     
 -0.860000000000000      -0.441889288018144     
 -0.840000000000000      -0.456562388544813     
 -0.820000000000000      -0.471650595307891     
 -0.800000000000000      -0.487199289996951     
 -0.780000000000000      -0.503252289544167     
 -0.760000000000000      -0.519852659279820     
 -0.740000000000000      -0.537043354735971     
 -0.720000000000000      -0.554867746091960     
 -0.700000000000000      -0.573370062035978     
 -0.680000000000000      -0.592595778763569     
 -0.660000000000000      -0.612591972594264     
 -0.640000000000000      -0.633407649868209     
 -0.620000000000000      -0.655094064538913     
 -0.600000000000000      -0.677705031679283     
 -0.580000000000000      -0.701297243632268     
 -0.560000000000000      -0.725930594548800     
 -0.540000000000000      -0.751668518423979     
 -0.520000000000000      -0.778578345373970     
 -0.500000000000000      -0.806731680730386     
 -0.480000000000000      -0.836204811524835     
 -0.460000000000000      -0.867079145069142     
 -0.440000000000000      -0.899441684590742     
 -0.420000000000000      -0.933385547250815     
 -0.400000000000000      -0.969010530353417     
 -0.380000000000000       -1.00642373215083     
 -0.360000000000000       -1.04574023437165     
 -0.340000000000000       -1.08708385445617     
 -0.320000000000000       -1.13058797649524     
 -0.300000000000000       -1.17639647105472     
 -0.280000000000000       -1.22466471545553     
 -0.260000000000000       -1.27556072770022     
 -0.240000000000000       -1.32926642913178     
 -0.220000000000000       -1.38597905312631     
 -0.200000000000000       -1.44591271971584     
 -0.180000000000000       -1.50930019908214     
 -0.160000000000000       -1.57639489044080     
 -0.140000000000000       -1.64747304705119     
 -0.120000000000000       -1.72283628306769     
 -0.100000000000000       -1.80281440384421     
 -7.999999999999996E-002  -1.88776860830619     
 -5.999999999999994E-002  -1.97809512034236     
 -4.000000000000004E-002  -2.07422931612890     
 -2.000000000000002E-002  -2.17665042623241     
  0.000000000000000E+000  -2.28588690568587     
  2.000000000000002E-002  -2.40252258253805     
  4.000000000000004E-002  -2.52720371632872     
  6.000000000000005E-002  -2.66064712339892     
  8.000000000000007E-002  -2.80364955699794     
  0.100000000000000       -2.95709856817578     
  0.120000000000000       -3.12198512021670     
  0.140000000000000       -3.29941828713211     
  0.160000000000000       -3.49064243840332     
  0.180000000000000       -3.69705740151755     
  0.200000000000000       -3.92024220579040     
  0.220000000000000       -4.16198315196227     
  0.240000000000000       -4.42430713059745     
  0.260000000000000       -4.70952133969848     
  0.280000000000000       -5.02026084327902     
  0.300000000000000       -5.35954578825948     
  0.320000000000000       -5.73085058457660     
  0.340000000000000       -6.13818799061274     
  0.360000000000000       -6.58621188509102     
  0.380000000000000       -7.08034362003558     
  0.400000000000000       -7.62692833928987     
  0.420000000000000       -8.23342965826080     
  0.440000000000000       -8.90867384084668     
  0.460000000000000       -9.66315838051511     
  0.480000000000000       -10.5094451372212     
  0.500000000000000       -11.4626655594042     
  0.520000000000000       -12.5411760249252     
  0.540000000000000       -13.7674164886726     
  0.560000000000000       -15.1690477953997     
  0.580000000000000       -16.7804759509956     
  0.600000000000000       -18.6449213841758     
  0.620000000000000       -20.8172677098548     
  0.640000000000000       -23.3680444341367     
  0.660000000000000       -26.3890902015130     
  0.680000000000000       -30.0017584891291     
  0.700000000000000       -34.3690588310762     
  0.720000000000000       -39.7140481943383     
  0.740000000000000       -46.3484395303562     
  0.760000000000000       -54.7184701123979     
  0.780000000000000       -65.4810459177050     
  0.800000000000000       -79.6353648856652     
  0.820000000000000       -98.7615497962807     
  0.840000000000000       -125.478695027606     
  0.860000000000000       -164.387479855927     
  0.880000000000000       -224.186484561988     
  0.900000000000000       -322.989178611482     
  0.920000000000000       -503.870999076488     
  0.940000000000000       -891.434038727398     
  0.960000000000000       -1984.19015679716     
  0.980000000000000       -7737.79795274956     
   1.00000000000000       0.000000000000000E+000
