 -1.00000000000000      -0.201645774276170     
 -0.980000000000000      -0.211862400584220     
 -0.960000000000000      -0.221816952794942     
 -0.940000000000000      -0.231636478396772     
 -0.920000000000000      -0.241415551100122     
 -0.900000000000000      -0.251227857211167     
 -0.880000000000000      -0.261133182165903     
 -0.860000000000000      -0.271181833105976     
 -0.840000000000000      -0.281417556599082     
 -0.820000000000000      -0.291879534742108     
 -0.800000000000000      -0.302603796512605     
 -0.780000000000000      -0.313624247009608     
 -0.760000000000000      -0.324973440861043     
 -0.740000000000000      -0.336683180980475     
 -0.720000000000000      -0.348784996352314     
 -0.700000000000000      -0.361310535271204     
 -0.680000000000000      -0.374291899369841     
 -0.660000000000000      -0.387761936486963     
 -0.640000000000000      -0.401754505559888     
 -0.620000000000000      -0.416304723426030     
 -0.600000000000000      -0.431449201157876     
 -0.580000000000000      -0.447226276001122     
 -0.560000000000000      -0.463676243919223     
 -0.540000000000000      -0.480841597027541     
 -0.520000000000000      -0.498767269732027     
 -0.500000000000000      -0.517500897107867     
 -0.480000000000000      -0.537093088920474     
 -0.460000000000000      -0.557597722676708     
 -0.440000000000000      -0.579072259180281     
 -0.420000000000000      -0.601578084241292     
 -0.400000000000000      -0.625180880450532     
 -0.380000000000000      -0.649951033273738     
 -0.360000000000000      -0.675964076152067     
 -0.340000000000000      -0.703301179818872     
 -0.320000000000000      -0.732049691668476     
 -0.300000000000000      -0.762303731752630     
 -0.280000000000000      -0.794164852850692     
 -0.260000000000000      -0.827742773080052     
 -0.240000000000000      -0.863156190708625     
 -0.220000000000000      -0.900533692230997     
 -0.200000000000000      -0.940014766410240     
 -0.180000000000000      -0.981750938912633     
 -0.160000000000000       -1.02590704442554     
 -0.140000000000000       -1.07266265581450     
 -0.120000000000000       -1.12221369302304     
 -0.100000000000000       -1.17477423814389     
 -7.999999999999996E-002  -1.23057858751140     
 -5.999999999999994E-002  -1.28988357692646     
 -4.000000000000004E-002  -1.35297122240613     
 -2.000000000000002E-002  -1.42015172637006     
  0.000000000000000E+000  -1.49176690821033     
  2.000000000000002E-002  -1.56819412908021     
  4.000000000000004E-002  -1.64985079390920     
  6.000000000000005E-002  -1.73719952964305     
  8.000000000000007E-002  -1.83075415819611     
  0.100000000000000       -1.93108660644938     
  0.120000000000000       -2.03883492492672     
  0.140000000000000       -2.15471262293627     
  0.160000000000000       -2.27951957278185     
  0.180000000000000       -2.41415479146762     
  0.200000000000000       -2.55963147818299     
  0.220000000000000       -2.71709477375257     
  0.240000000000000       -2.88784281942019     
  0.260000000000000       -3.07335183378103     
  0.280000000000000       -3.27530610769023     
  0.300000000000000       -3.49563405008929     
  0.320000000000000       -3.73655171988457     
  0.340000000000000       -4.00061567349145     
  0.360000000000000       -4.29078747640408     
  0.380000000000000       -4.61051291462608     
  0.400000000000000       -4.96381986041011     
  0.420000000000000       -5.35543998496853     
  0.440000000000000       -5.79096119537709     
  0.460000000000000       -6.27701998743531     
  0.480000000000000       -6.82154612005033     
  0.500000000000000       -7.43407652972680     
  0.520000000000000       -8.12616181820981     
  0.540000000000000       -8.91189788249913     
  0.560000000000000       -9.80862874298185     
  0.580000000000000       -10.8378866183978     
  0.600000000000000       -12.0266654249312     
  0.620000000000000       -13.4091700971839     
  0.640000000000000       -15.0292564328751     
  0.660000000000000       -16.9438917183008     
  0.680000000000000       -19.2281554813908     
  0.700000000000000       -21.9826173412911     
  0.720000000000000       -25.3444782421795     
  0.740000000000000       -29.5048430205604     
  0.760000000000000       -34.7363127412347     
  0.780000000000000       -41.4386070832164     
  0.800000000000000       -50.2170804997624     
  0.820000000000000       -62.0243756589967     
  0.840000000000000       -78.4308259310150     
  0.860000000000000       -102.177425255460     
  0.880000000000000       -138.408295803832     
  0.900000000000000       -197.740336121166     
  0.920000000000000       -305.143633121105     
  0.940000000000000       -531.806718374196     
  0.960000000000000       -1156.63014639212     
  0.980000000000000       -4309.99705318350     
   1.00000000000000       0.000000000000000E+000
