  -1.00000000000000      -0.259166621639112     
 -0.980000000000000      -0.264901989793937     
 -0.960000000000000      -0.270866919546904     
 -0.940000000000000      -0.277071706424310     
 -0.920000000000000      -0.283527202401566     
 -0.900000000000000      -0.290244851719846     
 -0.880000000000000      -0.297236729398321     
 -0.860000000000000      -0.304515582675308     
 -0.840000000000000      -0.312094875634578     
 -0.820000000000000      -0.319988837298534     
 -0.800000000000000      -0.328212513498217     
 -0.780000000000000      -0.336781822861573     
 -0.760000000000000      -0.345713617296452     
 -0.740000000000000      -0.355025747383894     
 -0.720000000000000      -0.364737133140896     
 -0.700000000000000      -0.374867840660615     
 -0.680000000000000      -0.385439165192590     
 -0.660000000000000      -0.396473721286749     
 -0.640000000000000      -0.407995540693626     
 -0.620000000000000      -0.420030178790401     
 -0.600000000000000      -0.432604830389198     
 -0.580000000000000      -0.445748455881931     
 -0.560000000000000      -0.459491918786390     
 -0.540000000000000      -0.473868135883065     
 -0.520000000000000      -0.488912241273421     
 -0.500000000000000      -0.504661765850454     
 -0.480000000000000      -0.521156833854109     
 -0.460000000000000      -0.538440378390912     
 -0.440000000000000      -0.556558378032594     
 -0.420000000000000      -0.575560116877256     
 -0.400000000000000      -0.595498470763735     
 -0.380000000000000      -0.616430222681657     
 -0.360000000000000      -0.638416410823200     
 -0.340000000000000      -0.661522713186521     
 -0.320000000000000      -0.685819873175179     
 -0.300000000000000      -0.711384171254516     
 -0.280000000000000      -0.738297948439227     
 -0.260000000000000      -0.766650188212920     
 -0.240000000000000      -0.796537164440680     
 -0.220000000000000      -0.828063163953495     
 -0.200000000000000      -0.861341293787893     
 -0.180000000000000      -0.896494384590187     
 -0.160000000000000      -0.933656003484231     
 -0.140000000000000      -0.972971591805821     
 -0.120000000000000       -1.01459974558735     
 -0.100000000000000       -1.05871365960889     
 -7.999999999999996E-002  -1.10550275930837     
 -5.999999999999994E-002  -1.15517454897738     
 -4.000000000000004E-002  -1.20795670959984     
 -2.000000000000002E-002  -1.26409948558965     
  0.000000000000000E+000  -1.32387840676573     
  2.000000000000002E-002  -1.38759740043287     
  4.000000000000004E-002  -1.45559235874864     
  6.000000000000005E-002  -1.52823523906757     
  8.000000000000007E-002  -1.60593879019184     
  0.100000000000000       -1.68916201609021     
  0.120000000000000       -1.77841651152672     
  0.140000000000000       -1.87427383225596     
  0.160000000000000       -1.97737409739559     
  0.180000000000000       -2.08843606509287     
  0.200000000000000       -2.20826897702069     
  0.220000000000000       -2.33778653565930     
  0.240000000000000       -2.47802346481252     
  0.260000000000000       -2.63015521376594     
  0.280000000000000       -2.79552150612226     
  0.300000000000000       -2.97565461532803     
  0.320000000000000       -3.17231348335712     
  0.340000000000000       -3.38752510485298     
  0.360000000000000       -3.62363500093133     
  0.380000000000000       -3.88336913908756     
  0.400000000000000       -4.16991036632943     
  0.420000000000000       -4.48699337988563     
  0.440000000000000       -4.83902356115845     
  0.460000000000000       -5.23122678520973     
  0.480000000000000       -5.66983979692568     
  0.500000000000000       -6.16235422322849     
  0.520000000000000       -6.71783223042433     
  0.540000000000000       -7.34731894264864     
  0.560000000000000       -8.06438710604374     
  0.580000000000000       -8.88586484108827     
  0.600000000000000       -9.83282044875944     
  0.620000000000000       -10.9319136778732     
  0.640000000000000       -12.2172782522165     
  0.660000000000000       -13.7331888973336     
  0.680000000000000       -15.5379106866271     
  0.700000000000000       -17.7093711371989     
  0.720000000000000       -20.3537146343307     
  0.740000000000000       -23.6185469874174     
  0.760000000000000       -27.7140639211479     
  0.780000000000000       -32.9479354267922     
  0.800000000000000       -39.7852508064498     
  0.820000000000000       -48.9564944968355     
  0.840000000000000       -61.6633112394758     
  0.860000000000000       -79.9985277289692     
  0.880000000000000       -107.880458078286     
  0.900000000000000       -153.374891203471     
  0.920000000000000       -235.396193067570     
  0.940000000000000       -407.684685397711     
  0.960000000000000       -879.900823159455     
  0.980000000000000       -3244.06488716525     
   1.00000000000000       0.000000000000000E+000
