  -1.00000000000000      -0.221583864904901     
 -0.980000000000000      -0.232235377254967     
 -0.960000000000000      -0.242642110825553     
 -0.940000000000000      -0.252931885069720     
 -0.920000000000000      -0.263200087179074     
 -0.900000000000000      -0.273521261118944     
 -0.880000000000000      -0.283956097023535     
 -0.860000000000000      -0.294555856849817     
 -0.840000000000000      -0.305365295411884     
 -0.820000000000000      -0.316424660054795     
 -0.800000000000000      -0.327771105856398     
 -0.780000000000000      -0.339439729023380     
 -0.760000000000000      -0.351464344786636     
 -0.740000000000000      -0.363878091009404     
 -0.720000000000000      -0.376713911221239     
 -0.700000000000000      -0.390004953541086     
 -0.680000000000000      -0.403784910865274     
 -0.660000000000000      -0.418088320418284     
 -0.640000000000000      -0.432950835901835     
 -0.620000000000000      -0.448409482183583     
 -0.600000000000000      -0.464502900213236     
 -0.580000000000000      -0.481271588306283     
 -0.560000000000000      -0.498758144877292     
 -0.540000000000000      -0.517007516993875     
 -0.520000000000000      -0.536067258664601     
 -0.500000000000000      -0.555987802506495     
 -0.480000000000000      -0.576822748318119     
 -0.460000000000000      -0.598629172085079     
 -0.440000000000000      -0.621467959048228     
 -0.420000000000000      -0.645404164660776     
 -0.400000000000000      -0.670507407543891     
 -0.380000000000000      -0.696852298920984     
 -0.360000000000000      -0.724518913471868     
 -0.340000000000000      -0.753593307106069     
 -0.320000000000000      -0.784168087819885     
 -0.300000000000000      -0.816343046587375     
 -0.280000000000000      -0.850225856158753     
 -0.260000000000000      -0.885932846721393     
 -0.240000000000000      -0.923589868645234     
 -0.220000000000000      -0.963333254017010     
 -0.200000000000000       -1.00531089040511     
 -0.180000000000000       -1.04968342233533     
 -0.160000000000000       -1.09662559835375     
 -0.140000000000000       -1.14632778437543     
 -0.120000000000000       -1.19899766734907     
 -0.100000000000000       -1.25486217721173     
 -7.999999999999996E-002  -1.31416965978724     
 -5.999999999999994E-002  -1.37719233885164     
 -4.000000000000004E-002  -1.44422911223719     
 -2.000000000000002E-002  -1.51560873480674     
  0.000000000000000E+000  -1.59169345069299     
  2.000000000000002E-002  -1.67288314872356     
  4.000000000000004E-002  -1.75962012889530     
  6.000000000000005E-002  -1.85239458468850     
  8.000000000000007E-002  -1.95175092664150     
  0.100000000000000       -2.05829509784821     
  0.120000000000000       -2.17270306305666     
  0.140000000000000       -2.29573069131943     
  0.160000000000000       -2.42822529959212     
  0.180000000000000       -2.57113918376735     
  0.200000000000000       -2.72554553759542     
  0.220000000000000       -2.89265725299974     
  0.240000000000000       -3.07384921301159     
  0.260000000000000       -3.27068483830691     
  0.280000000000000       -3.48494783999082     
  0.300000000000000       -3.71868037811149     
  0.320000000000000       -3.97422914538333     
  0.340000000000000       -4.25430131334379     
  0.360000000000000       -4.56203282753867     
  0.380000000000000       -4.90107226643661     
  0.400000000000000       -5.27568445174086     
  0.420000000000000       -5.69087930934064     
  0.440000000000000       -6.15257326464661     
  0.460000000000000       -6.66779290812000     
  0.480000000000000       -7.24493407187047     
  0.500000000000000       -7.89409424026202     
  0.520000000000000       -8.62750301505289     
  0.540000000000000       -9.46008514453739     
  0.560000000000000       -10.4102049215967     
  0.580000000000000       -11.5006619505196     
  0.600000000000000       -12.7600402269926     
  0.620000000000000       -14.2245614896891     
  0.640000000000000       -15.9406704891031     
  0.660000000000000       -17.9687024022770     
  0.680000000000000       -20.3881832525629     
  0.700000000000000       -23.3056512758375     
  0.720000000000000       -26.8664702913711     
  0.740000000000000       -31.2731484760462     
  0.760000000000000       -36.8146095310288     
  0.780000000000000       -43.9146051246787     
  0.800000000000000       -53.2150607197810     
  0.820000000000000       -65.7265005705629     
  0.840000000000000       -83.1153236148154     
  0.860000000000000       -108.291591188544     
  0.880000000000000       -146.719930844810     
  0.900000000000000       -209.687089275398     
  0.920000000000000       -323.764230321553     
  0.940000000000000       -564.805066985337     
  0.960000000000000       -1230.58466083517     
  0.980000000000000       -4604.40601473361     
   1.00000000000000       0.000000000000000E+000
