  -1.00000000000000      -0.238255445881873     
 -0.980000000000000      -0.249309253603246     
 -0.960000000000000      -0.260134957391813     
 -0.940000000000000      -0.270861166527135     
 -0.920000000000000      -0.281584102682448     
 -0.900000000000000      -0.292379191941994     
 -0.880000000000000      -0.303308057409786     
 -0.860000000000000      -0.314422948329135     
 -0.840000000000000      -0.325769664857298     
 -0.820000000000000      -0.337389561779210     
 -0.800000000000000      -0.349320968076279     
 -0.780000000000000      -0.361600225046857     
 -0.760000000000000      -0.374262469316995     
 -0.740000000000000      -0.387342241992048     
 -0.720000000000000      -0.400873977703260     
 -0.700000000000000      -0.414892410058158     
 -0.680000000000000      -0.429432918921122     
 -0.660000000000000      -0.444531837678146     
 -0.640000000000000      -0.460226733783861     
 -0.620000000000000      -0.476556672601719     
 -0.600000000000000      -0.493562472302803     
 -0.580000000000000      -0.511286956050193     
 -0.560000000000000      -0.529775206647836     
 -0.540000000000000      -0.549074828133618     
 -0.520000000000000      -0.569236218351730     
 -0.500000000000000      -0.590312856286733     
 -0.480000000000000      -0.612361607839164     
 -0.460000000000000      -0.635443053742757     
 -0.440000000000000      -0.659621843449048     
 -0.420000000000000      -0.684967079026382     
 -0.400000000000000      -0.711552733432860     
 -0.380000000000000      -0.739458107926742     
 -0.360000000000000      -0.768768333877230     
 -0.340000000000000      -0.799574924840941     
 -0.320000000000000      -0.831976385485770     
 -0.300000000000000      -0.866078884788619     
 -0.280000000000000      -0.901997001925322     
 -0.260000000000000      -0.939854554432562     
 -0.240000000000000      -0.979785519580941     
 -0.220000000000000       -1.02193506148945     
 -0.200000000000000       -1.06646067837566     
 -0.180000000000000       -1.11353348652340     
 -0.160000000000000       -1.16333966012032     
 -0.140000000000000       -1.21608204914670     
 -0.120000000000000       -1.27198200107227     
 -0.100000000000000       -1.33128141635082     
 -7.999999999999996E-002  -1.39424507272581     
 -5.999999999999994E-002  -1.46116325934027     
 -4.000000000000004E-002  -1.53235476878295     
 -2.000000000000002E-002  -1.60817030375198     
  0.000000000000000E+000  -1.68899636528950     
  2.000000000000002E-002  -1.77525970192394     
  4.000000000000004E-002  -1.86743241403896     
  6.000000000000005E-002  -1.96603782598064     
  8.000000000000007E-002  -2.07165726059079     
  0.100000000000000       -2.18493787799430     
  0.120000000000000       -2.30660177382182     
  0.140000000000000       -2.43745657321669     
  0.160000000000000       -2.57840780801780     
  0.180000000000000       -2.73047342809785     
  0.200000000000000       -2.89480087744398     
  0.220000000000000       -3.07268726574954     
  0.240000000000000       -3.26560329304412     
  0.260000000000000       -3.47522174618878     
  0.280000000000000       -3.70345159254865     
  0.300000000000000       -3.95247896214694     
  0.320000000000000       -4.22481665452625     
  0.340000000000000       -4.52336425694475     
  0.360000000000000       -4.85148155301542     
  0.380000000000000       -5.21307868636204     
  0.400000000000000       -5.61272759379014     
  0.420000000000000       -6.05580063821466     
  0.440000000000000       -6.54864429842348     
  0.460000000000000       -7.09879842126283     
  0.480000000000000       -7.71527522092720     
  0.500000000000000       -8.40891737875879     
  0.520000000000000       -9.19286194685206     
  0.540000000000000       -10.0831473470750     
  0.560000000000000       -11.0995162260688     
  0.580000000000000       -12.2664898711481     
  0.600000000000000       -13.6148244882740     
  0.620000000000000       -15.1835127501942     
  0.640000000000000       -17.0225771538046     
  0.660000000000000       -19.1970346765447     
  0.680000000000000       -21.7926299382120     
  0.700000000000000       -24.9243000730604     
  0.720000000000000       -28.7489680432139     
  0.740000000000000       -33.4853943165516     
  0.760000000000000       -39.4459204440286     
  0.780000000000000       -47.0890121167754     
  0.800000000000000       -57.1097943513480     
  0.820000000000000       -70.6036081601738     
  0.840000000000000       -89.3786983173361     
  0.860000000000000       -116.596769625351     
  0.880000000000000       -158.203569992641     
  0.900000000000000       -226.500630495913     
  0.920000000000000       -350.509259292820     
  0.940000000000000       -613.305022733251     
  0.960000000000000       -1342.29473816498     
  0.980000000000000       -5065.77070339326     
   1.00000000000000       0.000000000000000E+000
