  -1.00000000000000       0.392998875316968     
 -0.980000000000000      -0.129260448079597     
 -0.960000000000000      -0.136250214527713     
 -0.940000000000000      -0.143097110148101     
 -0.920000000000000      -0.149872975764570     
 -0.900000000000000      -0.156633454498050     
 -0.880000000000000      -0.163423345999754     
 -0.860000000000000      -0.170280001053069     
 -0.840000000000000      -0.177235563243632     
 -0.820000000000000      -0.184318502722863     
 -0.800000000000000      -0.191554699813447     
 -0.780000000000000      -0.198968233580258     
 -0.760000000000000      -0.206581972267611     
 -0.740000000000000      -0.214418027981514     
 -0.720000000000000      -0.222498116801647     
 -0.700000000000000      -0.230843852434517     
 -0.680000000000000      -0.239476992734902     
 -0.660000000000000      -0.248419653114091     
 -0.640000000000000      -0.257694496775586     
 -0.620000000000000      -0.267324909384700     
 -0.600000000000000      -0.277335163980144     
 -0.580000000000000      -0.287750580470480     
 -0.560000000000000      -0.298597683730787     
 -0.540000000000000      -0.309904363167599     
 -0.520000000000000      -0.321700036558362     
 -0.500000000000000      -0.334015820714375     
 -0.480000000000000      -0.346884711231436     
 -0.460000000000000      -0.360341773664249     
 -0.440000000000000      -0.374424348477778     
 -0.420000000000000      -0.389172272106965     
 -0.400000000000000      -0.404628116808479     
 -0.380000000000000      -0.420837451925079     
 -0.360000000000000      -0.437849129652009     
 -0.340000000000000      -0.455715598677433     
 -0.320000000000000      -0.474493249377904     
 -0.300000000000000      -0.494242794758028     
 -0.280000000000000      -0.515029691893247     
 -0.260000000000000      -0.536924609199009     
 -0.240000000000000      -0.560003945800029     
 -0.220000000000000      -0.584350409721792     
 -0.200000000000000      -0.610053663204357     
 -0.180000000000000      -0.637211044246987     
 -0.160000000000000      -0.665928375120838     
 -0.140000000000000      -0.696320870002961     
 -0.120000000000000      -0.728514156374825     
 -0.100000000000000      -0.762645426450802     
 -7.999999999999996E-002 -0.798864738429290     
 -5.999999999999994E-002 -0.837336489987071     
 -4.000000000000004E-002 -0.878241090950430     
 -2.000000000000002E-002 -0.921776866359284     
  0.000000000000000E+000 -0.968162226971980     
  2.000000000000002E-002  -1.01763815124835     
  4.000000000000004E-002  -1.07047103077345     
  6.000000000000005E-002  -1.12695594125821     
  8.000000000000007E-002  -1.18742041355501     
  0.100000000000000       -1.25222879391157     
  0.120000000000000       -1.32178730084839     
  0.140000000000000       -1.39654990906129     
  0.160000000000000       -1.47702521832453     
  0.180000000000000       -1.56378450044087     
  0.200000000000000       -1.65747116082225     
  0.220000000000000       -1.75881190593533     
  0.240000000000000       -1.86862997770496     
  0.260000000000000       -1.98786090308611     
  0.280000000000000       -2.11757132075782     
  0.300000000000000       -2.25898159148240     
  0.320000000000000       -2.41349308620070     
  0.340000000000000       -2.58272129214513     
  0.360000000000000       -2.76853619843026     
  0.380000000000000       -2.97311185011077     
  0.400000000000000       -3.19898752947416     
  0.420000000000000       -3.44914379082517     
  0.440000000000000       -3.72709761964729     
  0.460000000000000       -4.03702241929482     
  0.480000000000000       -4.38390051898580     
  0.500000000000000       -4.77371868627480     
  0.520000000000000       -5.21372109284131     
  0.540000000000000       -5.71273988714024     
  0.560000000000000       -6.28163184950009     
  0.580000000000000       -6.93386193644220     
  0.600000000000000       -7.68629308742163     
  0.620000000000000       -8.56027012678260     
  0.640000000000000       -9.58313007974307     
  0.660000000000000       -10.7903422561765     
  0.680000000000000       -12.2285975947538     
  0.700000000000000       -13.9603616651026     
  0.720000000000000       -16.0707424896381     
  0.740000000000000       -18.6781255706529     
  0.760000000000000       -21.9511423204915     
  0.780000000000000       -26.1366904964828     
  0.800000000000000       -31.6080921100117     
  0.820000000000000       -38.9518515548393     
  0.840000000000000       -49.1330132051109     
  0.860000000000000       -63.8327534768776     
  0.880000000000000       -86.1994462806043     
  0.900000000000000       -122.715550074364     
  0.920000000000000       -188.586212485712     
  0.940000000000000       -327.023833333975     
  0.960000000000000       -706.662821783743     
  0.980000000000000       -2608.50564622193     
   1.00000000000000       0.000000000000000E+000
