  -1.00000000000000       0.362008107657797     
 -0.980000000000000      -0.127843624233763     
 -0.960000000000000      -0.134737589095664     
 -0.940000000000000      -0.141483345964990     
 -0.920000000000000      -0.148152378060158     
 -0.900000000000000      -0.154799945243380     
 -0.880000000000000      -0.161470436227095     
 -0.860000000000000      -0.168200760970988     
 -0.840000000000000      -0.175022589900758     
 -0.820000000000000      -0.181963885082555     
 -0.800000000000000      -0.189049980932783     
 -0.780000000000000      -0.196304369661492     
 -0.760000000000000      -0.203749288291509     
 -0.740000000000000      -0.211406169572427     
 -0.720000000000000      -0.219295998014340     
 -0.700000000000000      -0.227439599008422     
 -0.680000000000000      -0.235857880460735     
 -0.660000000000000      -0.244572040743722     
 -0.640000000000000      -0.253603753000654     
 -0.620000000000000      -0.262975333271493     
 -0.600000000000000      -0.272709898140171     
 -0.580000000000000      -0.282831516374755     
 -0.560000000000000      -0.293365358177254     
 -0.540000000000000      -0.304337845068244     
 -0.520000000000000      -0.315776803030552     
 -0.500000000000000      -0.327711621275580     
 -0.480000000000000      -0.340173418843146     
 -0.460000000000000      -0.353195221177597     
 -0.440000000000000      -0.366812148824659     
 -0.420000000000000      -0.381061620456202     
 -0.400000000000000      -0.395983572546560     
 -0.380000000000000      -0.411620698194062     
 -0.360000000000000      -0.428018707802901     
 -0.340000000000000      -0.445226614616568     
 -0.320000000000000      -0.463297048429613     
 -0.300000000000000      -0.482286601203586     
 -0.280000000000000      -0.502256208785652     
 -0.260000000000000      -0.523271573484933     
 -0.240000000000000      -0.545403632911892     
 -0.220000000000000      -0.568729081251545     
 -0.200000000000000      -0.593330950034256     
 -0.180000000000000      -0.619299256518131     
 -0.160000000000000      -0.646731729027357     
 -0.140000000000000      -0.675734620040203     
 -0.120000000000000      -0.706423619527521     
 -0.100000000000000      -0.738924883058276     
 -7.999999999999996E-002 -0.773376191578969     
 -5.999999999999994E-002 -0.809928262609379     
 -4.000000000000004E-002 -0.848746235975961     
 -2.000000000000002E-002 -0.890011361241265     
  0.000000000000000E+000 -0.933922918823786     
  2.000000000000002E-002 -0.980700412620010     
  4.000000000000004E-002  -1.03058607895770     
  6.000000000000005E-002  -1.08384776520755     
  8.000000000000007E-002  -1.14078224171000     
  0.100000000000000       -1.20171902327656     
  0.120000000000000       -1.26702479196988     
  0.140000000000000       -1.33710853186626     
  0.160000000000000       -1.41242750999027     
  0.180000000000000       -1.49349426677013     
  0.200000000000000       -1.58088481574528     
  0.220000000000000       -1.67524829788569     
  0.240000000000000       -1.77731839340194     
  0.260000000000000       -1.88792686685438     
  0.280000000000000       -2.00801971436520     
  0.300000000000000       -2.13867650106305     
  0.320000000000000       -2.28113363098964     
  0.340000000000000       -2.43681249206597     
  0.360000000000000       -2.60735368114111     
  0.380000000000000       -2.79465886045039     
  0.400000000000000       -3.00094225752928     
  0.420000000000000       -3.22879443880327     
  0.440000000000000       -3.48126182409570     
  0.460000000000000       -3.76194655363790     
  0.480000000000000       -4.07513289989974     
  0.500000000000000       -4.42594862427549     
  0.520000000000000       -4.82057279871204     
  0.540000000000000       -5.26650607807652     
  0.560000000000000       -5.77292588877934     
  0.580000000000000       -6.35115854113971     
  0.600000000000000       -7.01531455115925     
  0.620000000000000       -7.78315519804719     
  0.640000000000000       -8.67729208291152     
  0.660000000000000       -9.72687491684270     
  0.680000000000000       -10.9700094530741     
  0.700000000000000       -12.4572916575142     
  0.720000000000000       -14.2570909124781     
  0.740000000000000       -16.4636508046843     
  0.760000000000000       -19.2098738880574     
  0.780000000000000       -22.6881786247402     
  0.800000000000000       -27.1858594293081     
  0.820000000000000       -33.1478073653432     
  0.840000000000000       -41.2939312503114     
  0.860000000000000       -52.8538956387666     
  0.880000000000000       -70.0763393228500     
  0.900000000000000       -97.4556568945393     
  0.920000000000000       -145.132625450284     
  0.940000000000000       -240.401033545472     
  0.960000000000000       -480.935538029295     
  0.980000000000000       -1481.52107397725     
   1.00000000000000       0.000000000000000E+000
