 -1.00000000000000      -0.221050318870073     
 -0.980000000000000      -0.230789589337783     
 -0.960000000000000      -0.240383646975042     
 -0.940000000000000      -0.249933933220692     
 -0.920000000000000      -0.259517342057437     
 -0.900000000000000      -0.269194946342434     
 -0.880000000000000      -0.279017298774672     
 -0.860000000000000      -0.289027812146843     
 -0.840000000000000      -0.299265006423526     
 -0.820000000000000      -0.309764058768600     
 -0.800000000000000      -0.320557909731092     
 -0.780000000000000      -0.331678078662546     
 -0.760000000000000      -0.343155284216623     
 -0.740000000000000      -0.355019931854759     
 -0.720000000000000      -0.367302509514782     
 -0.700000000000000      -0.380033919531332     
 -0.680000000000000      -0.393245766474639     
 -0.660000000000000      -0.406970615034602     
 -0.640000000000000      -0.421242228372193     
 -0.620000000000000      -0.436095794850889     
 -0.600000000000000      -0.451568149348511     
 -0.580000000000000      -0.467697994180726     
 -0.560000000000000      -0.484526123877293     
 -0.540000000000000      -0.502095657533070     
 -0.520000000000000      -0.520452282136309     
 -0.500000000000000      -0.539644510109293     
 -0.480000000000000      -0.559723954249300     
 -0.460000000000000      -0.580745623310959     
 -0.440000000000000      -0.602768241611457     
 -0.420000000000000      -0.625854596261174     
 -0.400000000000000      -0.650071915921795     
 -0.380000000000000      -0.675492285372968     
 -0.360000000000000      -0.702193100631839     
 -0.340000000000000      -0.730257569924542     
 -0.320000000000000      -0.759775266465575     
 -0.300000000000000      -0.790842739773349     
 -0.280000000000000      -0.823564193155216     
 -0.260000000000000      -0.858052236053764     
 -0.240000000000000      -0.894428721183899     
 -0.220000000000000      -0.932825677838045     
 -0.200000000000000      -0.973386354432355     
 -0.180000000000000       -1.01626638535581     
 -0.160000000000000       -1.06163509952139     
 -0.140000000000000       -1.10967699077148     
 -0.120000000000000       -1.16059337353979     
 -0.100000000000000       -1.21460425101886     
 -7.999999999999996E-002  -1.27195042764799     
 -5.999999999999994E-002  -1.33289590317047     
 -4.000000000000004E-002  -1.39773059199678     
 -2.000000000000002E-002  -1.46677341937910     
  0.000000000000000E+000  -1.54037585523734     
  2.000000000000002E-002  -1.61892595772985     
  4.000000000000004E-002  -1.70285301227658     
  6.000000000000005E-002  -1.79263286827490     
  8.000000000000007E-002  -1.88879409590004     
  0.100000000000000       -1.99192511004570     
  0.120000000000000       -2.10268243876956     
  0.140000000000000       -2.22180035101996     
  0.160000000000000       -2.35010210480561     
  0.180000000000000       -2.48851313475712     
  0.200000000000000       -2.63807657037597     
  0.220000000000000       -2.79997156731232     
  0.240000000000000       -2.97553504921412     
  0.260000000000000       -3.16628760428738     
  0.280000000000000       -3.37396446837486     
  0.300000000000000       -3.60055276811980     
  0.320000000000000       -3.84833651128846     
  0.340000000000000       -4.11995122072000     
  0.360000000000000       -4.41845064692997     
  0.380000000000000       -4.74738870840210     
  0.400000000000000       -5.11092076305437     
  0.420000000000000       -5.51392960143389     
  0.440000000000000       -5.96218330399985     
  0.460000000000000       -6.46253451291468     
  0.480000000000000       -7.02317401406839     
  0.500000000000000       -7.65395622517800     
  0.520000000000000       -8.36682086986216     
  0.540000000000000       -9.17634474752818     
  0.560000000000000       -10.1004715790452     
  0.580000000000000       -11.1614887799105     
  0.600000000000000       -12.3873514872830     
  0.620000000000000       -13.8135024885154     
  0.640000000000000       -15.4854123491012     
  0.660000000000000       -17.4621850437223     
  0.680000000000000       -19.8217725841552     
  0.700000000000000       -22.6686753751450     
  0.720000000000000       -26.1455819728116     
  0.740000000000000       -30.4514341552073     
  0.760000000000000       -35.8703199463305     
  0.780000000000000       -42.8193105293871     
  0.800000000000000       -51.9309111812391     
  0.820000000000000       -64.2020665004851     
  0.840000000000000       -81.2791511646814     
  0.860000000000000       -106.042094250590     
  0.880000000000000       -143.909785014207     
  0.900000000000000       -206.102018483757     
  0.920000000000000       -319.115153435375     
  0.940000000000000       -558.910537021482     
  0.960000000000000       -1225.59267222390     
  0.980000000000000       -4648.77374165398     
   1.00000000000000       0.000000000000000E+000
