  -1.00000000000000       5.220771482541141E-002
 -0.980000000000000       5.343388768736455E-002
 -0.960000000000000       5.471036375510223E-002
 -0.940000000000000       5.603948869109786E-002
 -0.920000000000000       5.742373914881442E-002
 -0.900000000000000       5.886573143565677E-002
 -0.880000000000000       6.036823084297502E-002
 -0.860000000000000       6.193416170200575E-002
 -0.840000000000000       6.356661823052503E-002
 -0.820000000000000       6.526887624152583E-002
 -0.800000000000000       6.704440579251636E-002
 -0.780000000000000       6.889688486214939E-002
 -0.760000000000000       7.083021414994635E-002
 -0.740000000000000       7.284853310499120E-002
 -0.720000000000000       7.495623730077992E-002
 -0.700000000000000       7.715799728606977E-002
 -0.680000000000000       7.945877905577323E-002
 -0.660000000000000       8.186386630187441E-002
 -0.640000000000000       8.437888462226131E-002
 -0.620000000000000       8.700982788552866E-002
 -0.600000000000000       8.976308697253396E-002
 -0.580000000000000       9.264548114114357E-002
 -0.560000000000000       9.566429228960104E-002
 -0.540000000000000       9.882730242678092E-002
 -0.520000000000000       0.102142834694811     
 -0.500000000000000       0.105619798331817     
 -0.480000000000000       0.109267738010612     
 -0.460000000000000       0.113096888043938     
 -0.440000000000000       0.117118232009370     
 -0.420000000000000       0.121343568418448     
 -0.400000000000000       0.125785583136453     
 -0.380000000000000       0.130457929353126     
 -0.360000000000000       0.135375316012597     
 -0.340000000000000       0.140553605735053     
 -0.320000000000000       0.146009923406212     
 -0.300000000000000       0.151762776776487     
 -0.280000000000000       0.157832190604065     
 -0.260000000000000       0.164239856099330     
 -0.240000000000000       0.171009297687988     
 -0.220000000000000       0.178166059413440     
 -0.200000000000000       0.185737913653496     
 -0.180000000000000       0.193755095242218     
 -0.160000000000000       0.202250564576138     
 -0.140000000000000       0.211260303859801     
 -0.120000000000000       0.220823651325654     
 -0.100000000000000       0.230983679069225     
 -7.999999999999996E-002  0.241787621098066     
 -5.999999999999994E-002  0.253287359334249     
 -4.000000000000004E-002  0.265539976674648     
 -2.000000000000002E-002  0.278608387849668     
  0.000000000000000E+000  0.292562060790448     
  2.000000000000002E-002  0.307477843592524     
  4.000000000000004E-002  0.323440915045822     
  6.000000000000005E-002  0.340545880206381     
  8.000000000000007E-002  0.358898036765885     
  0.100000000000000       0.378614843223568     
  0.120000000000000       0.399827626327083     
  0.140000000000000       0.422683573240204     
  0.160000000000000       0.447348063822809     
  0.180000000000000       0.474007410800791     
  0.200000000000000       0.502872091149513     
  0.220000000000000       0.534180571619136     
  0.240000000000000       0.568203856188773     
  0.260000000000000       0.605250914938543     
  0.280000000000000       0.645675194502731     
  0.300000000000000       0.689882462784169     
  0.320000000000000       0.738340308872035     
  0.340000000000000       0.791589708459075     
  0.360000000000000       0.850259182888856     
  0.380000000000000       0.915082236581519     
  0.400000000000000       0.986918967490986     
  0.420000000000000        1.06678302905984     
  0.440000000000000        1.15587550949894     
  0.460000000000000        1.25562782821043     
  0.480000000000000        1.36775649318644     
  0.500000000000000        1.49433361173289     
  0.520000000000000        1.63787854267791     
  0.540000000000000        1.80147824034460     
  0.560000000000000        1.98894701035642     
  0.580000000000000        2.20504111608416     
  0.600000000000000        2.45575081671030     
  0.620000000000000        2.74870342516764     
  0.640000000000000        3.09372827653492     
  0.660000000000000        3.50366229072493     
  0.680000000000000        3.99552053809410     
  0.700000000000000        4.59223346131144     
  0.720000000000000        5.32528681198189     
  0.740000000000000        6.23884211131494     
  0.760000000000000        7.39636690129440     
  0.780000000000000        8.89168401711536     
  0.800000000000000        10.8681511366592     
  0.820000000000000        13.5535910687812     
  0.840000000000000        17.3276727310473     
  0.860000000000000        22.8613397614934     
  0.880000000000000        31.4317960319366     
  0.900000000000000        45.7195232518663     
  0.920000000000000        72.1584950471242     
  0.940000000000000        129.576463946857     
  0.960000000000000        294.486211399961     
  0.980000000000000        1189.80593098836     
   1.00000000000000       0.000000000000000E+000
