  -1.00000000000000      -0.159064312422894     
 -0.980000000000000      -0.167347752862790     
 -0.960000000000000      -0.175426255681589     
 -0.940000000000000      -0.183398477322664     
 -0.920000000000000      -0.191338371248184     
 -0.900000000000000      -0.199303903984217     
 -0.880000000000000      -0.207342345010634     
 -0.860000000000000      -0.215493635073600     
 -0.840000000000000      -0.223792620385576     
 -0.820000000000000      -0.232270588751059     
 -0.800000000000000      -0.240956360733981     
 -0.780000000000000      -0.249877088836861     
 -0.760000000000000      -0.259058860428762     
 -0.740000000000000      -0.268527166220136     
 -0.720000000000000      -0.278307275302367     
 -0.700000000000000      -0.288424544686643     
 -0.680000000000000      -0.298904682837728     
 -0.660000000000000      -0.309773981139623     
 -0.640000000000000      -0.321059523503918     
 -0.620000000000000      -0.332789381798404     
 -0.600000000000000      -0.344992803034178     
 -0.580000000000000      -0.357700393049912     
 -0.560000000000000      -0.370944300607340     
 -0.540000000000000      -0.384758405253986     
 -0.520000000000000      -0.399178511945472     
 -0.500000000000000      -0.414242555202063     
 -0.480000000000000      -0.429990815470015     
 -0.460000000000000      -0.446466150346263     
 -0.440000000000000      -0.463714243391228     
 -0.420000000000000      -0.481783873390757     
 -0.400000000000000      -0.500727207130533     
 -0.380000000000000      -0.520600119013822     
 -0.360000000000000      -0.541462541188520     
 -0.340000000000000      -0.563378848256636     
 -0.320000000000000      -0.586418281125847     
 -0.300000000000000      -0.610655415138135     
 -0.280000000000000      -0.636170678287294     
 -0.260000000000000      -0.663050926130473     
 -0.240000000000000      -0.691390080928079     
 -0.220000000000000      -0.721289843634199     
 -0.200000000000000      -0.752860488634312     
 -0.180000000000000      -0.786221752622486     
 -0.160000000000000      -0.821503830767597     
 -0.140000000000000      -0.858848495387637     
 -0.120000000000000      -0.898410354793696     
 -0.100000000000000      -0.940358272855324     
 -7.999999999999996E-002 -0.984876973267682     
 -5.999999999999994E-002  -1.03216885658003     
 -4.000000000000004E-002  -1.08245606291268     
 -2.000000000000002E-002  -1.13598281911552     
  0.000000000000000E+000  -1.19301811611773     
  2.000000000000002E-002  -1.25385877064788     
  4.000000000000004E-002  -1.31883293569676     
  6.000000000000005E-002  -1.38830413646535     
  8.000000000000007E-002  -1.46267592360989     
  0.100000000000000       -1.54239725402794     
  0.120000000000000       -1.62796873206643     
  0.140000000000000       -1.71994987195569     
  0.160000000000000       -1.81896757687265     
  0.180000000000000       -1.92572607310991     
  0.200000000000000       -2.04101859171631     
  0.220000000000000       -2.16574115774410     
  0.240000000000000       -2.30090893292439     
  0.260000000000000       -2.44767566654977     
  0.280000000000000       -2.60735694871861     
  0.300000000000000       -2.78145813950141     
  0.320000000000000       -2.97170808004983     
  0.340000000000000       -3.18009999497392     
  0.360000000000000       -3.40894139396668     
  0.380000000000000       -3.66091530871153     
  0.400000000000000       -3.93915590634084     
  0.420000000000000       -4.24734247081198     
  0.440000000000000       -4.58981703546010     
  0.460000000000000       -4.97173272404141     
  0.480000000000000       -5.39924231952200     
  0.500000000000000       -5.87974003508294     
  0.520000000000000       -6.42217436990249     
  0.540000000000000       -7.03745699513606     
  0.560000000000000       -7.73900292217459     
  0.580000000000000       -8.54345247445324     
  0.600000000000000       -9.47164857888496     
  0.620000000000000       -10.5499781453490     
  0.640000000000000       -11.8122414099707     
  0.660000000000000       -13.3023011248823     
  0.680000000000000       -15.0779073783641     
  0.700000000000000       -17.2163353542934     
  0.720000000000000       -19.8228907045871     
  0.740000000000000       -23.0440824136469     
  0.760000000000000       -27.0886437522562     
  0.780000000000000       -32.2622504348334     
  0.800000000000000       -39.0271997531731     
  0.820000000000000       -48.1099432159975     
  0.840000000000000       -60.7060761466860     
  0.860000000000000       -78.8989189826060     
  0.880000000000000       -106.590942042484     
  0.900000000000000       -151.819415375591     
  0.920000000000000       -233.441667166777     
  0.940000000000000       -405.064930936783     
  0.960000000000000       -875.950396949318     
  0.980000000000000       -3236.12202234833     
   1.00000000000000       0.000000000000000E+000
