 -0.142893474965411       -25.6967500589400     
 -0.141464540215757       -1.80918615228423     
 -0.140035605466102       -1.90701800149649     
 -0.138606670716448       -2.00285016768946     
 -0.137177735966794       -2.09768816666890     
 -0.135748801217140       -2.19231080405830     
 -0.134319866467486       -2.28734511550387     
 -0.132890931717832       -2.38331387901775     
 -0.131461996968178       -2.48066699037914     
 -0.130033062218524       -2.57980293036446     
 -0.128604127468870       -2.68108393136657     
 -0.127175192719216       -2.78484701458090     
 -0.125746257969561       -2.89141225402514     
 -0.124317323219907       -3.00108914047219     
 -0.122888388470253       -3.11418162173614     
 -0.121459453720599       -3.23099221277102     
 -0.120030518970945       -3.35182544609361     
 -0.118601584221291       -3.47699085873899     
 -0.117172649471637       -3.60680565488332     
 -0.115743714721983       -3.74159715059640     
 -0.114314779972329       -3.88170508201689     
 -0.112885845222674       -4.02748383773484     
 -0.111456910473020       -4.17930467158234     
 -0.110027975723366       -4.33755793597456     
 -0.108599040973712       -4.50265537507903     
 -0.107170106224058       -4.67503251348920     
 -0.105741171474404       -4.85515117209381     
 -0.104312236724750       -5.04350214383791     
 -0.102883301975096       -5.24060806231232     
 -0.101454367225442       -5.44702649580283     
 -0.100025432475787       -5.66335330436081     
 -9.859649772613338E-002  -5.89022629657440     
 -9.716756297647927E-002  -6.12832922928070     
 -9.573862822682516E-002  -6.37839619741552     
 -9.430969347717105E-002  -6.64121646552107     
 -9.288075872751694E-002  -6.91763979954531     
 -9.145182397786285E-002  -7.20858236554071     
 -9.002288922820874E-002  -7.51503326976937     
 -8.859395447855463E-002  -7.83806182802378     
 -8.716501972890053E-002  -8.17882565824986     
 -8.573608497924642E-002  -8.53857971264298     
 -8.430715022959231E-002  -8.91868637670448     
 -8.287821547993821E-002  -9.32062678554126     
 -8.144928073028410E-002  -9.74601352751082     
 -8.002034598062999E-002  -10.1966049401650     
 -7.859141123097588E-002  -10.6743212261499     
 -7.716247648132178E-002  -11.1812626660898     
 -7.573354173166767E-002  -11.7197302422628     
 -7.430460698201356E-002  -12.2922490500426     
 -7.287567223235945E-002  -12.9015949340222     
 -7.144673748270534E-002  -13.5508248673543     
 -7.001780273305125E-002  -14.2433116906798     
 -6.858886798339714E-002  -14.9827839379309     
 -6.715993323374303E-002  -15.7733716186972     
 -6.573099848408892E-002  -16.6196589990193     
 -6.430206373443481E-002  -17.5267456294234     
 -6.287312898478070E-002  -18.5003171232044     
 -6.144419423512661E-002  -19.5467275101168     
 -6.001525948547250E-002  -20.6730953765672     
 -5.858632473581839E-002  -21.8874164942718     
 -5.715738998616428E-002  -23.1986962487050     
 -5.572845523651017E-002  -24.6171059435859     
 -5.429952048685607E-002  -26.1541680354164     
 -5.287058573720196E-002  -27.8229765714257     
 -5.144165098754785E-002  -29.6384606962690     
 -5.001271623789375E-002  -31.6177011165725     
 -4.858378148823964E-002  -33.7803120371300     
 -4.715484673858554E-002  -36.1489045286400     
 -4.572591198893143E-002  -38.7496517822164     
 -4.429697723927732E-002  -41.6129826898037     
 -4.286804248962321E-002  -44.7744381644931     
 -4.143910773996910E-002  -48.2757353568466     
 -4.001017299031501E-002  -52.1660995444262     
 -3.858123824066090E-002  -56.5039435183733     
 -3.715230349100679E-002  -61.3590021524353     
 -3.572336874135268E-002  -66.8150688816315     
 -3.429443399169857E-002  -72.9735363228217     
 -3.286549924204446E-002  -79.9580231150944     
 -3.143656449239036E-002  -87.9204855368049     
 -3.000762974273626E-002  -97.0493850488361     
 -2.857869499308215E-002  -107.580742777544     
 -2.714976024342804E-002  -119.813310283828     
 -2.572082549377393E-002  -134.129708610737     
 -2.429189074411983E-002  -151.026381838476     
 -2.286295599446572E-002  -171.156836905448     
 -2.143402124481161E-002  -195.395369431417     
 -2.000508649515750E-002  -224.933188776160     
 -1.857615174550339E-002  -261.427270561852     
 -1.714721699584928E-002  -307.237854293978     
 -1.571828224619518E-002  -365.820629707684     
 -1.428934749654107E-002  -442.400776069906     
 -1.286041274688698E-002  -545.187267148033     
 -1.143147799723288E-002  -687.687288968288     
 -1.000254324757877E-002  -893.431326970372     
 -8.573608497924656E-003  -1206.48540881898     
 -7.144673748270547E-003  -1717.58087770023     
 -5.715738998616438E-003  -2639.53567552838     
 -4.286804248962328E-003  -4577.16957913068     
 -2.857869499308219E-003  -9890.76403880304     
 -1.428934749654109E-003  -36509.7937026636     
  0.000000000000000E+000  0.000000000000000E+000
