  -1.00000000000000      -0.533434667887548     
 -0.980000000000000      -9.115728685960421E-002
 -0.960000000000000      -9.630767100317553E-002
 -0.940000000000000      -0.101339383322475     
 -0.920000000000000      -0.106307426287382     
 -0.900000000000000      -0.111254244706623     
 -0.880000000000000      -0.116213875513771     
 -0.860000000000000      -0.121214575443060     
 -0.840000000000000      -0.126280553997780     
 -0.820000000000000      -0.131433157455632     
 -0.800000000000000      -0.136691704027915     
 -0.780000000000000      -0.142074090466548     
 -0.760000000000000      -0.147597245221543     
 -0.740000000000000      -0.153277476456914     
 -0.720000000000000      -0.159130746770468     
 -0.700000000000000      -0.165172896368505     
 -0.680000000000000      -0.171419829583660     
 -0.660000000000000      -0.177887675581059     
 -0.640000000000000      -0.184592930868609     
 -0.620000000000000      -0.191552589469757     
 -0.600000000000000      -0.198784265214707     
 -0.580000000000000      -0.206306309414086     
 -0.560000000000000      -0.214137927039179     
 -0.540000000000000      -0.222299293512676     
 -0.520000000000000      -0.230811674234874     
 -0.500000000000000      -0.239697548762512     
 -0.480000000000000      -0.248980741296428     
 -0.460000000000000      -0.258686559208750     
 -0.440000000000000      -0.268841941342443     
 -0.420000000000000      -0.279475617763171     
 -0.400000000000000      -0.290618282949674     
 -0.380000000000000      -0.302302784284846     
 -0.360000000000000      -0.314564328102218     
 -0.340000000000000      -0.327440705732461     
 -0.320000000000000      -0.340972542192736     
 -0.300000000000000      -0.355203570538824     
 -0.280000000000000      -0.370180935315757     
 -0.260000000000000      -0.385955528926215     
 -0.240000000000000      -0.402582365474982     
 -0.220000000000000      -0.420120996848406     
 -0.200000000000000      -0.438635977075549     
 -0.180000000000000      -0.458197381485697     
 -0.160000000000000      -0.478881388405437     
 -0.140000000000000      -0.500770932083364     
 -0.120000000000000      -0.523956437464301     
 -0.100000000000000      -0.548536648399044     
 -7.999999999999996E-002 -0.574619563622283     
 -5.999999999999994E-002 -0.602323496530447     
 -4.000000000000004E-002 -0.631778278195862     
 -2.000000000000002E-002 -0.663126626009844     
  0.000000000000000E+000 -0.696525704585713     
  2.000000000000002E-002 -0.732148910623356     
  4.000000000000004E-002 -0.770187919040892     
  6.000000000000005E-002 -0.810855035036344     
  8.000000000000007E-002 -0.854385905612718     
  0.100000000000000      -0.901042654688741     
  0.120000000000000      -0.951117518924917     
  0.140000000000000       -1.00493707805324     
  0.160000000000000       -1.06286719319501     
  0.180000000000000       -1.12531879191468     
  0.200000000000000       -1.19275467002520     
  0.220000000000000       -1.26569751938031     
  0.240000000000000       -1.34473944123854     
  0.260000000000000       -1.43055326709255     
  0.280000000000000       -1.52390609086645     
  0.300000000000000       -1.62567552012465     
  0.320000000000000       -1.73686928853471     
  0.340000000000000       -1.85864904897891     
  0.360000000000000       -1.99235939711812     
  0.380000000000000       -2.13956348250920     
  0.400000000000000       -2.30208697358172     
  0.420000000000000       -2.48207269394251     
  0.440000000000000       -2.68204899795596     
  0.460000000000000       -2.90501598188433     
  0.480000000000000       -3.15455505693333     
  0.500000000000000       -3.43496941324396     
  0.520000000000000       -3.75146575201262     
  0.540000000000000       -4.11039175950040     
  0.560000000000000       -4.51954977202290     
  0.580000000000000       -4.98861593558113     
  0.600000000000000       -5.52970749456778     
  0.620000000000000       -6.15816127701983     
  0.640000000000000       -6.89361838260900     
  0.660000000000000       -7.76156107634283     
  0.680000000000000       -8.79553126509140     
  0.700000000000000       -10.0403998466733     
  0.720000000000000       -11.5572979560718     
  0.740000000000000       -13.4312526825903     
  0.760000000000000       -15.7833692702647     
  0.780000000000000       -18.7909466271515     
  0.800000000000000       -22.7220469811045     
  0.820000000000000       -27.9977700611559     
  0.840000000000000       -35.3109369185724     
  0.860000000000000       -45.8683758342200     
  0.880000000000000       -61.9299130496111     
  0.900000000000000       -88.1480129463086     
  0.920000000000000       -135.434226113882     
  0.940000000000000       -234.795201015836     
  0.960000000000000       -507.218977305954     
  0.980000000000000       -1871.67783087507     
   1.00000000000000       0.000000000000000E+000
