 -0.142893474965411       -40.4314952117207     
 -0.141464540215757       -1.27587752879088     
 -0.140035605466102       -1.34796457328075     
 -0.138606670716448       -1.41839063465993     
 -0.137177735966794       -1.48792555171765     
 -0.135748801217140       -1.55716340068790     
 -0.134319866467486       -1.62658057748125     
 -0.132890931717832       -1.69657257579328     
 -0.131461996968178       -1.76747824249284     
 -0.130033062218524       -1.83959634948267     
 -0.128604127468870       -1.91319728295506     
 -0.127175192719216       -1.98853153373083     
 -0.125746257969561       -2.06583603985096     
 -0.124317323219907       -2.14533905756042     
 -0.122888388470253       -2.22726400640739     
 -0.121459453720599       -2.31183259289464     
 -0.120030518970945       -2.39926742106531     
 -0.118601584221291       -2.48979424181711     
 -0.117172649471637       -2.58364394753913     
 -0.115743714721983       -2.68105439406698     
 -0.114314779972329       -2.78227211232460     
 -0.112885845222674       -2.88755395533667     
 -0.111456910473020       -2.99716872433838     
 -0.110027975723366       -3.11139880343014     
 -0.108599040973712       -3.23054183251890     
 -0.107170106224058       -3.35491244537982     
 -0.105741171474404       -3.48484409601903     
 -0.104312236724750       -3.62069099756121     
 -0.102883301975096       -3.76283019791519     
 -0.101454367225442       -3.91166381573157     
 -0.100025432475787       -4.06762146445136     
 -9.859649772613338E-002  -4.23116289051019     
 -9.716756297647927E-002  -4.40278085725554     
 -9.573862822682516E-002  -4.58300430879329     
 -9.430969347717105E-002  -4.77240185075312     
 -9.288075872751694E-002  -4.97158559024205     
 -9.145182397786285E-002  -5.18121538307279     
 -9.002288922820874E-002  -5.40200354172422     
 -8.859395447855463E-002  -5.63472006783280     
 -8.716501972890053E-002  -5.88019847582406     
 -8.573608497924642E-002  -6.13934229231568     
 -8.430715022959231E-002  -6.41313232247462     
 -8.287821547993821E-002  -6.70263479170559     
 -8.144928073028410E-002  -7.00901048427274     
 -8.002034598062999E-002  -7.33352502752322     
 -7.859141123097588E-002  -7.67756048387550     
 -7.716247648132178E-002  -8.04262845117843     
 -7.573354173166767E-002  -8.43038489582884     
 -7.430460698201356E-002  -8.84264699068719     
 -7.287567223235945E-002  -9.28141227120920     
 -7.144673748270534E-002  -9.74888048253170     
 -7.001780273305125E-002  -10.2474785612231     
 -6.858886798339714E-002  -10.7798892738430     
 -6.715993323374303E-002  -11.3490841374335     
 -6.573099848408892E-002  -11.9583613712177     
 -6.430206373443481E-002  -12.6113897769909     
 -6.287312898478070E-002  -13.3122596277422     
 -6.144419423512661E-002  -14.0655418772131     
 -6.001525948547250E-002  -14.8763572787671     
 -5.858632473581839E-002  -15.7504573555522     
 -5.715738998616428E-002  -16.6943196015623     
 -5.572845523651017E-002  -17.7152598421543     
 -5.429952048685607E-002  -18.8215653872796     
 -5.287058573720196E-002  -20.0226534827966     
 -5.144165098754785E-002  -21.3292607130638     
 -5.001271623789375E-002  -22.7536704600146     
 -4.858378148823964E-002  -24.3099874078245     
 -4.715484673858554E-002  -26.0144705617778     
 -4.572591198893143E-002  -27.8859394748485     
 -4.429697723927732E-002  -29.9462726765809     
 -4.286804248962321E-002  -32.2210230262644     
 -4.143910773996910E-002  -34.7401824267109     
 -4.001017299031501E-002  -37.5391388389873     
 -3.858123824066090E-002  -40.6598829314988     
 -3.715230349100679E-002  -44.1525417125860     
 -3.572336874135268E-002  -48.0773445264095     
 -3.429443399169857E-002  -52.5071666557303     
 -3.286549924204446E-002  -57.5308531127173     
 -3.143656449239036E-002  -63.2576088322705     
 -3.000762974273626E-002  -69.8228654147949     
 -2.857869499308215E-002  -77.3962211487446     
 -2.714976024342804E-002  -86.1923370330307     
 -2.572082549377393E-002  -96.4861185477879     
 -2.429189074411983E-002  -108.634226695398     
 -2.286295599446572E-002  -123.106128774886     
 -2.143402124481161E-002  -140.529857631410     
 -2.000508649515750E-002  -161.761031549823     
 -1.857615174550339E-002  -187.989727114433     
 -1.714721699584928E-002  -220.910986650514     
 -1.571828224619518E-002  -263.006363750341     
 -1.428934749654107E-002  -318.027775398487     
 -1.286041274688698E-002  -391.869118837412     
 -1.143147799723288E-002  -494.227422590424     
 -1.000254324757877E-002  -641.993986713846     
 -8.573608497924656E-003  -866.798334418022     
 -7.144673748270547E-003  -1233.75840594045     
 -5.715738998616438E-003  -1895.59706832891     
 -4.286804248962328E-003  -3286.29702752587     
 -2.857869499308219E-003  -7099.26016466089     
 -1.428934749654109E-003  -26196.8271305340     
  0.000000000000000E+000  0.000000000000000E+000
