  -1.00000000000000       0.396081076853124     
 -0.980000000000000       0.405383607507734     
 -0.960000000000000       0.415067770416942     
 -0.940000000000000       0.425151361274768     
 -0.920000000000000       0.435653169556557     
 -0.900000000000000       0.446593044241676     
 -0.880000000000000       0.457991964596875     
 -0.860000000000000       0.469872116467083     
 -0.840000000000000       0.482256974565050     
 -0.820000000000000       0.495171391300848     
 -0.800000000000000       0.508641692747533     
 -0.780000000000000       0.522695782400792     
 -0.760000000000000       0.537363253459104     
 -0.740000000000000       0.552675510427649     
 -0.720000000000000       0.568665900935022     
 -0.700000000000000       0.585369858747809     
 -0.680000000000000       0.602825059075876     
 -0.660000000000000       0.621071587382030     
 -0.640000000000000       0.640152123045685     
 -0.620000000000000       0.660112139383102     
 -0.600000000000000       0.681000121699193     
 -0.580000000000000       0.702867805240522     
 -0.560000000000000       0.725770435139107     
 -0.540000000000000       0.749767050685699     
 -0.520000000000000       0.774920796553610     
 -0.500000000000000       0.801299263914801     
 -0.480000000000000       0.828974864754716     
 -0.460000000000000       0.858025243107873     
 -0.440000000000000       0.888533727410463     
 -0.420000000000000       0.920589828708348     
 -0.400000000000000       0.954289790079733     
 -0.380000000000000       0.989737193344164     
 -0.360000000000000        1.02704362994840     
 -0.340000000000000        1.06632944386282     
 -0.320000000000000        1.10772455541045     
 -0.300000000000000        1.15136937620938     
 -0.280000000000000        1.19741582686775     
 -0.260000000000000        1.24602847076466     
 -0.240000000000000        1.29738577922178     
 -0.220000000000000        1.35168154567081     
 -0.200000000000000        1.40912646911183     
 -0.180000000000000        1.46994993031114     
 -0.160000000000000        1.53440198789313     
 -0.140000000000000        1.60275562584823     
 -0.120000000000000        1.67530928913847     
 -0.100000000000000        1.75238975019655     
 -7.999999999999996E-002   1.83435535637855     
 -5.999999999999994E-002   1.92159971708938     
 -4.000000000000004E-002   2.01455589965135     
 -2.000000000000002E-002   2.11370121540155     
  0.000000000000000E+000   2.21956269244421     
  2.000000000000002E-002   2.33272334952545     
  4.000000000000004E-002   2.45382940736096     
  6.000000000000005E-002   2.58359860034298     
  8.000000000000007E-002   2.72282978402864     
  0.100000000000000        2.87241407362989     
  0.120000000000000        3.03334779775073     
  0.140000000000000        3.20674761224405     
  0.160000000000000        3.39386819437757     
  0.180000000000000        3.59612303151327     
  0.200000000000000        3.81510893644658     
  0.220000000000000        4.05263507028547     
  0.240000000000000        4.31075744234269     
  0.260000000000000        4.59182009702735     
  0.280000000000000        4.89850450630171     
  0.300000000000000        5.23388908469594     
  0.320000000000000        5.60152126175348     
  0.340000000000000        6.00550522467444     
  0.360000000000000        6.45060933789342     
  0.380000000000000        6.94239843453094     
  0.400000000000000        7.48739776712728     
  0.420000000000000        8.09329755825664     
  0.440000000000000        8.76921003038531     
  0.460000000000000        9.52599484554086     
  0.480000000000000        10.3766745299193     
  0.500000000000000        11.3369694132809     
  0.520000000000000        12.4259929611539     
  0.540000000000000        13.6671647810921     
  0.560000000000000        15.0894226322722     
  0.580000000000000        16.7288505670991     
  0.600000000000000        18.6308945185266     
  0.620000000000000        20.8534201550679     
  0.640000000000000        23.4709990919672     
  0.660000000000000        26.5810204043743     
  0.680000000000000        30.3125712858591     
  0.700000000000000        34.8396167233097     
  0.720000000000000        40.4010277426447     
  0.740000000000000        47.3318418557457     
  0.760000000000000        56.1135643814766     
  0.780000000000000        67.4579952850678     
  0.800000000000000        82.4527374930274     
  0.820000000000000        102.826200374830     
  0.840000000000000        131.458794885448     
  0.860000000000000        173.440728086227     
  0.880000000000000        238.461684473069     
  0.900000000000000        346.857510683393     
  0.920000000000000        547.440440899255     
  0.940000000000000        983.049833660038     
  0.960000000000000        2234.16052818539     
  0.980000000000000        9026.62788379173     
   1.00000000000000       0.000000000000000E+000
