 -0.142893474965411        5.54372516938231     
 -0.141464540215757        5.67392748487448     
 -0.140035605466102        5.80947129345710     
 -0.138606670716448        5.95060567150014     
 -0.137177735966794        6.09759360477464     
 -0.135748801217140        6.25071290833651     
 -0.134319866467486        6.41025721724155     
 -0.132890931717832        6.57653705434516     
 -0.131461996968178        6.74988098206425     
 -0.130033062218524        6.93063684567417     
 -0.128604127468870        7.11917311648634     
 -0.127175192719216        7.31588034411394     
 -0.125746257969561        7.52117272799447     
 -0.124317323219907        7.73548981941172     
 -0.122888388470253        7.95929836646040     
 -0.121459453720599        8.19309431574123     
 -0.120030518970945        8.43740498608209     
 -0.118601584221291        8.69279143127241     
 -0.117172649471637        8.95985101070069     
 -0.115743714721983        9.23922018892592     
 -0.114314779972329        9.53157758762656     
 -0.112885845222674        9.83764731609559     
 -0.111456910473020        10.1582026095284     
 -0.110027975723366        10.4940698078368     
 -0.108599040973712        10.8461327116748     
 -0.107170106224058        11.2153373568495     
 -0.105741171474404        11.6026972533964     
 -0.104312236724750        12.0092991414138     
 -0.102883301975096        12.4363093223892     
 -0.101454367225442        12.8849806323373     
 -0.100025432475787        13.3566601317622     
 -9.859649772613338E-002   13.8527975974234     
 -9.716756297647927E-002   14.3749549123500     
 -9.573862822682516E-002   14.9248164637460     
 -9.430969347717105E-002   15.5042006736640     
 -9.288075872751694E-002   16.1150728049421     
 -9.145182397786285E-002   16.7595592053115     
 -9.002288922820874E-002   17.4399631762931     
 -8.859395447855463E-002   18.1587826810963     
 -8.716501972890053E-002   18.9187301379297     
 -8.573608497924642E-002   19.7227545827818     
 -8.430715022959231E-002   20.5740665298672     
 -8.287821547993821E-002   21.4761659098088     
 -8.144928073028410E-002   22.4328735267471     
 -8.002034598062999E-002   23.4483665477938     
 -7.859141123097588E-002   24.5272186238138     
 -7.716247648132178E-002   25.6744453422044     
 -7.573354173166767E-002   26.8955558335261     
 -7.430460698201356E-002   28.1966114987267     
 -7.287567223235945E-002   29.5842929974682     
 -7.144673748270534E-002   31.0659768471792     
 -7.001780273305125E-002   32.6498232349675     
 -6.858886798339714E-002   34.3448769505388     
 -6.715993323374303E-002   36.1611837205076     
 -6.573099848408892E-002   38.1099246790344     
 -6.430206373443481E-002   40.2035722670359     
 -6.287312898478070E-002   42.4560715383958     
 -6.144419423512661E-002   44.8830517001603     
 -6.001525948547250E-002   47.5020737678765     
 -5.858632473581839E-002   50.3329215331037     
 -5.715738998616428E-002   53.3979446908976     
 -5.572845523651017E-002   56.7224650568050     
 -5.429952048685607E-002   60.3352594425486     
 -5.287058573720196E-002   64.2691361258989     
 -5.144165098754785E-002   68.5616261692488     
 -5.001271623789375E-002   73.2558164179698     
 -4.858378148823964E-002   78.4013582580926     
 -4.715484673858554E-002   84.0556957009849     
 -4.572591198893143E-002   90.2855688750641     
 -4.429697723927732E-002   97.1688656352074     
 -4.286804248962321E-002   104.796916289421     
 -4.143910773996910E-002   113.277356579308     
 -4.001017299031501E-002   122.737725183155     
 -3.858123824066090E-002   133.330018712845     
 -3.715230349100679E-002   145.236506179602     
 -3.572336874135268E-002   158.677216241332     
 -3.429443399169857E-002   173.919669378351     
 -3.286549924204446E-002   191.291656731008     
 -3.143656449239036E-002   211.198203919735     
 -3.000762974273626E-002   234.144359231917     
 -2.857869499308215E-002   260.766203957688     
 -2.714976024342804E-002   291.873651475209     
 -2.572082549377393E-002   328.510438949695     
 -2.429189074411983E-002   372.039666763070     
 -2.286295599446572E-002   424.268096121207     
 -2.143402124481161E-002   487.630617587585     
 -2.000508649515750E-002   565.470575229895     
 -1.857615174550339E-002   662.477301601112     
 -1.714721699584928E-002   785.390157179110     
 -1.571828224619518E-002   944.171807724558     
 -1.428934749654107E-002   1154.04482273227     
 -1.286041274688698E-002   1439.20078085749     
 -1.143147799723288E-002   1839.95518224004     
 -1.000254324757877E-002   2427.55280642744     
 -8.573608497924656E-003   3337.61474456117     
 -7.144673748270547E-003   4854.77046124538     
 -5.715738998616438E-003   7662.21748098394     
 -4.286804248962328E-003   13759.1983664474     
 -2.857869499308219E-003   31270.2945844966     
 -1.428934749654109E-003   126340.658815621     
  0.000000000000000E+000  0.000000000000000E+000
